24885
34767
13188
13700
29362
17188
20213
77642
EX_15379
13196
52335
59415
27721
27741
11847
16828
27861
18232
11095
47951
15184
17756
30050
20408
13988
31094
27509
33795
27982
30934
31242
19364
31150
26437
24067
24934
11675
12107
44968
18460
25184
31234
15504
10255
15308
44964
17512
13020
30870
12559
11043
30238
29370
10535
30070
13240
51619
27697
28533
31218
12644
17604
16612
24411
26478
24796
51627
19484
30734
21871
68867
18384
33806
52387
15472
47851
EX_57427
40523
13704
13728
29382
22927
EX_15377
EX_57912
21211
49583
27661
22495
EX_57856
16420
26565
27829
EX_16567
19129
31554
29358
25252
27865
52572
11299
10803
42424
11083
22335
24812
27885
21023
27673
56963
36143
44952
13068
31138
55376
27834
19952
25600
23779
30798
24215
19513
26155
25294
30686
11064
18796
EX_29919
10843
27797
EX_15378
18152
20775
20204
EX_59789
17340
13124
30946
20560
17976
12539
18340
19824
34174
28361
29374
25290
24292
13872
EX_35235
30262
31186
31206
10775
24255
16373
26461
16232
25081
31062
18164
31246
16372
19400
30698
29366
27901
22331
30738
28049
31210
11683
31042
14268
12768
21527
18476
32746
19172
20572
23707
20855
EX_57844
19500
30722
23663
23176
49007
39147
15616
13620
35334
EX_60039
57888
biomass
22475
28377
35326
15892
31046
25783
30742
14504
14008
24635
16109
15764
31090
29378
16064
27717
10199
13088
12423
15104
29099
28193
12248
17473
17848
15760
EX_28938
11771
21039
EX_58601
21732
14908
19804
51631
10155
31114
13436
15012
27881
48999
17908
28613
31118
16796
26429
30095
25903
11099
31802
11599
23151
19868
21083
12824
22831
20016
30750
EX_57762
44960
27969
23735
18160
23447
32966
14804
20132
39135
15644
11587
19820
27889
13900
25200
13804
52576
24219
26312
17988
30214
21651
14720
30806
21019
39131
13968
51623
23479
27893
26209
10915
10191
21971
46012
28073
18304
27897
27657
17297
14832
25427
19597
13412
14629
19924
42643
46279
42407
27974
25248
36166
14676
20312
EX_15903
22863
21667
10415
10991
59112
26413
33211
22111
28357
19108
49003
30786
17808
EX_43474
21583
32462
29195
18448
52331
22675
25306
56519
30938
23011
22631
16072
24631
27653
33802
21543
22939
27757
29402
17828
13104
29219
16848
EX_32682
28345
44143
21199
24023
12916
