10040
10119
10144
10155
10163
10167
10191
10199
10220
10224
10231
10240
10255
10264
10275
10303
10307
10335
10339
10380
10415
10456
10488
10508
10535
10543
10607
10668
10672
10679
10684
10704
10736
10743
10775
10803
10843
10895
10915
10935
10939
11003
11043
11060
11064
11083
11095
11099
11171
11175
11180
11192
11224
11299
11311
11355
11415
11579
11587
11599
11603
11615
11632
11675
11683
11688
11708
11716
11756
11771
11779
11819
11827
11847
11855
11960
11972
12044
12071
12083
12107
12128
12175
12187
12188
12248
12292
12347
12359
12423
12432
12459
12463
12484
12539
12540
12559
12596
12597
12613
12644
12653
12661
12697
12768
12813
12824
12916
12969
12976
13009
13020
13036
13088
13097
13104
13124
13188
13196
13236
13240
13284
13364
13412
13425
13429
13436
13457
13481
13493
13501
13512
13520
13620
13680
13681
13700
13704
13728
13729
13753
13804
13872
13877
13900
13941
13968
13988
14008
14069
14084
14108
14112
14216
14217
14268
14305
14329
14360
14369
14433
14465
14504
14513
14629
14660
14705
14720
14729
14784
14804
14832
14836
14908
14965
14976
15012
15017
15048
15056
15057
15096
15104
15136
15180
15197
15216
15308
15325
15349
15393
15424
15472
15484
15504
15585
15612
15616
15644
15756
15760
15764
15773
15805
15841
15869
15892
15904
15988
16013
16040
16053
16064
16072
16085
16109
16128
16172
16188
16201
16232
16236
16237
16252
16269
16296
16344
16372
16373
16420
16429
16521
16557
16600
16612
16796
16828
16833
16848
16856
16864
16873
16925
16948
17012
17020
17053
17065
17096
17132
17188
17216
17240
17288
17297
17313
17325
17340
17400
17436
17456
17460
17473
17512
17521
17604
17653
17664
17665
17740
17756
17773
17808
17828
17848
17908
17944
17969
17976
17988
17989
18020
18049
18116
18152
18160
18164
18232
18248
18256
18304
18324
18340
18369
18384
18408
18440
18448
18460
18476
18588
18620
18632
18636
18684
18796
18868
18965
18988
18997
19069
19108
19129
19172
19189
19204
19225
19253
19320
19353
19364
19400
19413
19436
19465
19469
19484
19500
19513
19524
19597
19609
19621
19625
19632
19649
19664
19669
19712
19804
19805
19820
19824
19868
19892
19896
19924
19925
19952
19993
20016
20049
20061
20125
20132
20204
20224
20249
20277
20301
20312
20345
20373
20397
20401
20408
20436
20520
20560
20572
20629
20641
20696
20715
20736
20775
20783
20792
20847
20851
21019
21023
21039
21071
21083
21099
21163
21164
21191
21199
21207
21211
21228
21235
21259
21260
21287
21363
21527
21543
21564
21583
21588
21592
21624
21647
21651
21667
21732
21748
21823
21824
21852
21864
21871
21920
21971
22011
22016
22048
22063
22071
22075
22091
22111
22147
22171
22195
22331
22335
22408
22435
22448
22475
22495
22567
22587
22611
22631
22675
22815
22827
22831
22836
22863
22864
22927
22939
22951
22971
23011
23035
23067
23099
23103
23112
23151
23176
23192
23252
23287
23291
23299
23344
23355
23372
23427
23455
23479
23519
23523
23536
23543
23548
23587
23663
23676
23688
23703
23707
23735
23747
23752
23779
23783
23880
23904
23923
23935
24000
24023
24059
24067
24080
24104
24140
24164
24176
24215
24219
24255
24287
24292
24299
24307
24360
24383
24391
24403
24411
24420
24456
24563
24571
24576
24624
24631
24635
24677
24796
24804
24805
24812
24816
24873
24885
24923
24930
24934
24946
25081
25097
25098
25104
25108
25155
25163
25184
25200
25204
25237
25248
25252
25260
25290
25294
25306
25318
25407
25427
25432
25576
25596
25600
25609
25783
25788
25903
26155
26209
26312
26329
26333
26337
26413
26429
26437
26461
26462
26485
26558
26565
27289
27377
27509
27551
27559
27629
27641
27645
27649
27653
27657
27661
27673
27677
27681
27685
27689
27693
27697
27717
27721
27741
27745
27753
27757
27774
27797
27829
27861
27865
27881
27885
27889
27893
27897
27901
27969
27974
27982
28029
28033
28037
28041
28049
28057
28073
28090
28094
28109
28122
28150
28165
28193
28209
28234
28250
28270
28345
28357
28361
28370
28377
28386
28433
28513
28533
28585
28613
28675
28687
28751
28807
29310
29322
29358
29362
29366
29370
29374
29378
29382
29402
29859
29875
29907
30050
30059
30063
30070
30075
30099
30118
30122
30126
30134
30150
30214
30238
30275
30295
30350
30367
30391
30435
30439
30443
30550
30599
30615
30619
30658
30686
30698
30702
30722
30727
30734
30738
30742
30750
30754
30758
30774
30786
30798
30802
30806
30818
30835
30850
30854
30870
30874
30890
30934
30938
30942
30946
31019
31042
31046
31062
31078
31090
31094
31103
31114
31118
31134
31138
31142
31146
31150
31158
31162
31166
31170
31174
31182
31186
31190
31194
31198
31202
31206
31210
31218
31227
31234
31242
31246
31258
31286
31303
31331
31391
31454
31507
31547
31554
31575
31802
32155
32159
32215
32223
32227
32235
32274
32287
32462
32718
32746
32927
32966
32967
32995
33023
33034
33051
33059
33099
33130
33151
33211
33255
33271
33366
33370
33374
33423
33431
33495
33754
33791
33795
33802
33806
33815
34071
34075
34174
34246
34451
34471
34475
34767
34854
35050
35111
35326
35334
35351
35655
35663
36143
36166
36226
36374
36407
36431
36495
36899
37042
37059
37067
37075
37363
37555
37587
38215
38283
38959
39027
39034
39131
39135
39147
39151
39155
39159
39975
40159
40243
40666
40671
41528
41795
41811
41823
41824
41831
41832
41839
41840
41847
41848
41855
41856
41863
41864
41871
41872
41879
41880
41887
41888
41895
41896
41903
41904
41908
41912
41916
41920
41924
41928
41935
42251
42291
42292
42319
42403
42407
42424
42436
42548
42708
42748
42752
42800
42896
42908
42916
42920
42924
42928
43088
43144
43160
43168
43347
43380
43384
43439
43484
43636
43744
43892
44143
44152
44156
44160
44640
44696
44752
44756
44760
44764
44776
44780
44784
44788
44792
44796
44800
44804
44808
44812
44816
44820
44952
44960
44964
44968
45016
45331
45332
45560
45828
45840
45844
45848
46020
46036
46043
46279
46608
47004
47032
47844
47851
47951
48580
48612
48999
49003
49007
49235
49236
49240
49248
49255
49288
49292
49303
49548
49552
49556
49575
49579
49583
49612
49835
50880
51476
51619
51623
51627
51631
51931
52232
52236
52324
52331
52335
52387
52540
52572
52576
53428
54448
54528
54728
54900
54936
55040
56519
56948
56952
56956
56963
57188
57192
57196
58136
59112
59120
59124
59128
59132
59139
59143
59415
59468
59735
62372
63204
63332
63336
63388
63916
66592
68867
69180
70226
73067
75426
76407
76991
76995
76999
77642
77643
78667
78954
78970
